0.547447
0.285191
0.219075
0.082121
0.090520
0.177914
0.050598
0.070856
0.013380
0.074655
0.012481
0.034502
0.131222
0.015873
0.020596
0.035804
0.030149
0.068271
0.037255
0.021542
0.024333
0.022805
0.065039
0.052951
0.007595
0.029556
0.013162
0.015179
0.024593
0.038244
0.010695
0.046817
0.003304
0.019633
0.006079
0.027404
0.018121
0.016842
0.059533
0.008926
0.040515
0.004045
0.004973
0.013424
0.009659
0.002517
0.021302
0.017005
0.002484
0.010458
0.033242
0.022273
0.004769
0.022393
0.077209
0.024998
0.056176
0.013049
0.002185
0.007583
0.000258
0.107804
0.005782
0.004532
0.017154
0.002919
0.016670
0.006431
0.001206
0.012093
0.005734
0.002580
0.004052
0.014414
0.010735
0.012756
0.006402
0.006189
0.010682
0.006338
0.003112
0.021244
0.012022
0.001163
0.002894
0.002221
0.033815
0.021572
0.017697
0.002033
0.019804
0.008219
0.030127
0.002004
0.022927
0.092176
0.002717
0.000963
0.031777
