0.859375
0.890625
0.921875
0.968750
0.968750
0.953125
1.000000
0.968750
1.000000
0.953125
1.000000
0.984375
0.937500
1.000000
1.000000
0.984375
1.000000
0.968750
0.984375
1.000000
0.984375
0.984375
0.984375
0.968750
1.000000
1.000000
1.000000
1.000000
0.984375
0.984375
1.000000
0.984375
1.000000
0.984375
1.000000
0.984375
1.000000
0.984375
0.984375
1.000000
0.968750
1.000000
1.000000
1.000000
1.000000
1.000000
0.984375
0.984375
1.000000
1.000000
0.984375
1.000000
1.000000
0.984375
0.984375
1.000000
0.984375
1.000000
1.000000
1.000000
1.000000
0.968750
1.000000
1.000000
1.000000
1.000000
0.984375
1.000000
1.000000
1.000000
1.000000
1.000000
1.000000
0.984375
1.000000
1.000000
1.000000
1.000000
1.000000
1.000000
1.000000
0.984375
1.000000
1.000000
1.000000
1.000000
0.984375
0.984375
0.984375
1.000000
0.984375
1.000000
0.984375
1.000000
0.984375
0.968750
1.000000
1.000000
0.984375
